All tests passed!
Matrix Multiplication Runtime
m: 1024 n: 1024 p: 1024
INT32: 1.34554 ms
FLOAT: 1.34502 ms
DOUBLE: 5.68986 ms
